1	1	1
2	2	1
3	1	2
4	2	2
5	1	3
6	2	3
7	10	1
8	12	1
9	13	1
10	14	1
11	15	1
12	16	1
13	17	1
14	18	1
15	19	1
16	20	1
17	21	1
18	22	1
19	23	1
20	24	1
21	25	1
22	26	1
23	28	1
24	29	1
1134	11	2
1135	1033	2
1136	1034	2
1137	1035	2
1138	1036	2
1139	1037	2
1140	1038	2
1141	1039	2
1142	1040	2
1143	1041	2
1144	1042	2
1145	1043	2
1146	1044	2
1147	1045	2
1148	1046	2
1149	1047	2
1150	1048	2
1151	1049	2
1152	1050	2
1153	1051	2
1154	1052	2
1155	1053	2
1156	1054	2
1157	1055	2
1158	1056	2
1159	1057	2
1160	1058	2
1161	1059	2
1162	1060	2
1163	1061	2
1164	1062	2
1165	1063	2
1166	1064	2
1167	1065	2
1168	1066	2
1169	1067	2
1170	1068	2
1171	1069	2
1172	1070	2
1173	1071	2
1174	1072	2
1175	1073	2
1176	1074	2
1177	1075	2
1178	1076	2
1179	1077	2
1180	1078	2
1181	1079	2
1182	1080	2
1183	1081	2
1184	1082	2
1185	1083	2
1186	1084	2
1187	1085	2
1188	1086	2
1189	1087	2
1190	1088	2
1191	1089	2
1192	1090	2
1193	1091	2
1194	1092	2
1195	1093	2
1196	1094	2
1197	1095	2
1198	1096	2
1199	1097	2
1200	1098	2
1201	1099	2
1202	1100	2
1203	1101	2
1204	1102	2
1205	1103	2
1206	1104	2
1207	1105	2
1208	1106	2
1209	1107	2
1210	1108	2
1211	1109	2
1212	1110	2
1213	1111	2
1214	1112	2
1215	1113	2
1216	1114	2
1217	1115	2
1218	1116	2
1219	1117	2
1220	1118	2
1221	1119	2
1222	1120	2
1223	1121	2
1224	1122	2
1225	1123	2
1226	1124	2
1227	1125	2
1228	1126	2
1229	1127	2
1230	1128	2
1231	1129	2
1232	1130	2
1233	1131	2
1234	1132	2
1235	1133	2
1236	1134	2
1237	1135	2
1238	1136	2
1239	1137	2
1240	1138	2
1241	1139	2
1242	1140	2
1243	1141	2
1244	1142	2
1245	1143	2
1246	1144	2
1247	1145	2
1248	1146	2
1249	1147	2
1250	1148	2
1251	1149	2
1252	1150	2
1253	1151	2
1254	1152	2
1255	1153	2
1256	1154	2
1257	1155	2
1258	1156	2
1259	1157	2
1260	1158	2
1261	1159	2
1262	1160	2
1263	1161	2
1264	1162	2
1265	1163	2
1266	1164	2
1267	1165	2
1268	1166	2
1269	1167	2
1270	1168	2
1271	1169	2
1272	1170	2
1273	1171	2
1274	1172	2
1275	1173	2
1276	1174	2
1277	1175	2
1278	1176	2
1279	1177	2
1280	1178	2
1281	1179	2
1282	1180	2
1283	1181	2
1284	1182	2
1285	1183	2
1286	1184	2
1287	1185	2
1288	1186	2
1289	1187	2
1290	1188	2
1291	1189	2
1292	1190	2
1293	1191	2
1294	1192	2
1295	1193	2
1296	1194	2
1297	1195	2
1298	1196	2
1299	1197	2
1300	1198	2
1301	1199	2
1302	1200	2
1303	1201	2
1304	1202	2
1305	1203	2
1306	1204	2
1307	1205	2
1308	1206	2
1309	1207	2
1310	1208	2
1311	1209	2
1312	1210	2
1313	1211	2
1314	1212	2
1315	1213	2
1316	1214	2
1317	1215	2
1318	1216	2
1319	1217	2
1320	1218	2
1321	1219	2
1322	1220	2
1323	1221	2
1324	1222	2
1325	1223	2
1326	1224	2
1327	1225	2
1328	1226	2
1329	1227	2
1330	1228	2
1331	1229	2
1332	1230	2
1333	1231	2
1334	1232	2
1335	1233	2
1336	1234	2
1337	1235	2
1338	1236	2
1339	1237	2
1340	1238	2
1341	1239	2
1342	1240	2
1343	1241	2
1344	1242	2
1345	1243	2
1346	1244	2
1347	1245	2
1348	1246	2
1349	1247	2
1350	1248	2
1351	1249	2
1352	1250	2
1353	1251	2
1354	1252	2
1355	1253	2
1356	1254	2
1357	1255	2
1358	1256	2
1359	1257	2
1360	1258	2
1361	1259	2
1362	1260	2
1363	1261	2
1364	1262	2
1365	1263	2
1366	1264	2
1367	1265	2
1368	1266	2
1369	1267	2
1370	1268	2
1371	1269	2
1372	1270	2
1373	1271	2
1374	1272	2
1375	1273	2
1376	1274	2
1377	11	3
1378	1034	3
1379	1037	3
1380	1042	3
1381	1275	3
1382	1046	3
1383	1044	3
1384	1276	3
1385	1277	3
1386	1278	3
1387	1279	3
1388	1280	3
1389	1281	3
1390	1282	3
1391	1283	3
1392	1284	3
1393	1285	3
1394	1067	3
1395	1086	3
1396	1286	3
1397	1221	3
1398	1129	3
1399	1048	3
1400	1287	3
1401	1288	3
1402	1289	3
1403	1290	3
1404	1291	3
1405	1139	3
1406	1224	3
1407	1292	3
1408	1293	3
1409	1294	3
1410	1295	3
1411	1296	3
1412	1297	3
1413	1298	3
1414	1094	3
1415	1145	3
1416	1299	3
1417	1300	3
1418	1141	3
1419	1097	3
1420	1301	3
1421	1302	3
1422	1303	3
1423	1304	3
1424	1305	3
1425	1306	3
1426	1307	3
1427	1308	3
1428	1309	3
1429	1310	3
1430	1311	3
1431	1121	3
1432	1312	3
1433	1313	3
1434	1314	3
1435	1315	3
1436	1316	3
1437	1317	3
1438	1318	3
1439	1072	3
1440	1319	3
1441	1320	3
1442	1108	3
1443	1321	3
1444	1322	3
1445	1323	3
1446	1324	3
1447	1325	3
1448	1326	3
1449	1215	3
1450	1217	3
1451	1327	3
1452	1328	3
1453	1329	3
1454	1330	3
1455	1211	3
1456	1331	3
1457	1332	3
1458	1333	3
1459	1334	3
1460	1335	3
1461	1336	3
1462	1337	3
1463	1338	3
1464	1339	3
1465	1076	3
1466	1340	3
1467	1109	3
1468	1053	3
1469	1247	3
1470	1341	3
1471	1342	3
1472	1343	3
1473	1344	3
1474	1345	3
1475	1346	3
1476	1347	3
1477	1348	3
1478	1349	3
1479	1350	3
1480	1258	3
1481	1351	3
1482	1352	3
1483	1353	3
1484	1354	3
1485	1355	3
1486	1356	3
1487	1357	3
1488	1358	3
1489	1359	3
1490	1360	3
1491	1361	3
1492	1222	3
1493	1214	3
1494	1362	3
1495	1363	3
1496	1364	3
1497	1138	3
1498	1051	3
1499	1365	3
1500	1366	3
1501	1057	3
1502	1367	3
1503	1368	3
1504	1188	3
1505	1266	3
1506	1369	3
1507	1370	3
1508	1371	3
1509	1372	3
1510	1373	3
1511	1374	3
1512	1375	3
1513	1228	3
1514	1376	3
1515	1377	3
1516	1250	3
1517	1378	3
1518	1192	3
1519	1113	3
1520	1379	3
1521	1063	3
1522	1380	3
1523	1381	3
1524	1382	3
1525	1237	3
1526	1081	3
1527	1383	3
1528	1103	3
1529	1082	3
1530	1083	3
1531	1384	3
1532	1385	3
1533	1386	3
1534	1387	3
1535	1388	3
1536	1389	3
1537	1075	3
1538	1084	3
1539	1061	3
1540	1390	3
1541	1391	3
1542	1241	3
1543	1392	3
1544	1244	3
1545	1393	3
1546	1085	3
1547	1394	3
1548	1395	3
1549	1058	3
1550	1117	3
1551	1396	3
1552	1248	3
1553	1397	3
1554	1398	3
1555	1249	3
1556	1399	3
1557	1400	3
1558	1401	3
1559	1123	3
1560	1402	3
1561	1403	3
1562	1404	3
1563	1405	3
1564	1088	3
1565	1406	3
1566	1149	3
1567	1407	3
1568	1408	3
1569	1409	3
1570	1410	3
1571	1411	3
1572	1412	3
1573	1151	3
1574	1157	3
1575	1413	3
1576	1414	3
1577	1415	3
1578	1416	3
1579	1090	3
1580	1417	3
1581	1418	3
1582	1419	3
1583	1052	3
1584	1420	3
1585	1421	3
1586	1127	3
1587	1056	3
1588	1422	3
1589	1074	3
1590	1423	3
1591	1091	3
1592	1424	3
1593	1425	3
1594	1203	3
1595	1426	3
1596	1427	3
1597	1428	3
1598	1429	3
1599	1430	3
1600	1189	3
1601	1227	3
1602	1431	3
1603	1432	3
1604	1433	3
1605	1434	3
1606	1208	3
1607	1435	3
1608	1096	3
1609	1436	3
1610	1437	3
1611	1438	3
1612	1439	3
1613	1207	3
1614	1440	3
1615	1441	3
1616	1442	3
1617	1443	3
1618	1444	3
1619	1445	3
1620	1446	3
1621	1447	3
1622	1158	3
1623	1448	3
1624	1449	3
1625	1450	3
1626	1451	3
1627	1452	3
1628	1453	3
1629	1054	3
1630	1154	3
1631	1184	3
1632	1454	3
1633	1455	3
1634	1456	3
1635	1457	3
1636	1458	3
1637	1459	3
1638	1460	3
1639	1461	3
1640	1462	3
1641	1463	3
1642	1464	3
1643	1465	3
1644	1466	3
1645	1467	3
1646	1243	3
1647	1155	3
1648	1468	3
1649	1469	3
1650	1470	3
1651	1471	3
1652	1472	3
1653	1473	4
1654	1	4
1655	2	4
1656	1474	4
1657	1475	4
1658	1476	4
1659	1477	4
1660	1478	4
1661	1479	4
1662	1480	4
1663	13	4
1664	1481	4
1665	1482	4
1666	1483	4
1667	1484	4
1668	1485	4
1669	1486	4
1670	1487	4
1671	1488	4
1672	1489	4
1673	1490	4
1674	1052	4
1675	1491	4
1676	1492	4
1677	1493	4
1678	1494	4
1679	1495	4
1680	1143	4
1681	1055	4
1682	1496	4
1683	1497	4
1684	1498	4
1685	1499	4
1686	1500	4
1687	1501	4
1688	1502	4
1689	1503	4
1690	1504	4
1691	1505	4
1692	1506	4
1693	1507	4
1694	1508	4
1695	1509	4
1696	1510	4
1697	1511	4
1698	1512	4
1699	1513	4
1700	1514	4
1701	1515	4
1702	1516	4
1703	1517	4
1704	1454	4
1705	1518	4
1706	1519	4
1707	1403	4
1708	1520	4
1709	1100	4
1710	1521	4
1711	1374	4
1712	1522	4
1713	1523	4
1714	1524	4
1715	1525	4
1716	1526	4
1717	1527	4
1718	1528	4
1719	1101	4
1720	1529	4
1721	1078	4
1722	1530	4
1723	1531	4
1724	1532	4
1725	1533	4
1726	1534	4
1727	1535	4
1728	1536	4
1729	1537	4
1730	1538	4
1731	1539	4
1732	1540	4
1733	1140	4
1734	1541	4
1735	1542	4
1736	1543	4
1737	1544	4
1738	1545	4
1739	1546	4
1740	1547	4
1741	1548	4
1742	1549	4
1743	1550	4
1744	1551	4
1745	1552	4
1746	1553	4
1747	1554	4
1748	1555	4
1749	1556	4
1750	1557	4
1751	1558	4
1752	1559	4
1753	1560	4
1754	1561	4
1755	1562	4
1756	1368	4
1757	1563	4
1758	1564	4
1759	1565	4
1760	1566	4
1761	1567	4
1762	1568	4
1763	1569	4
1764	1570	4
1765	1571	4
1766	1572	4
1767	1573	4
1768	1574	4
1769	1575	4
1770	1576	4
1771	1577	4
1772	1578	4
1773	1579	4
1774	1580	4
1775	1581	4
1776	1582	4
1777	1583	4
1778	1584	4
1779	1585	4
1780	1586	4
1781	1587	4
1782	1588	4
1783	1589	4
1784	1590	4
1785	1591	4
1786	1592	4
1787	1593	4
1788	1594	4
1789	1595	4
1790	1596	4
1791	1597	4
1792	1598	4
1793	1599	4
1794	1600	4
1795	1601	4
1796	1602	4
1797	1603	4
1798	1604	4
1799	1605	4
1800	1146	4
1801	1606	4
1802	1607	4
1803	1608	4
1804	1609	4
1805	1610	4
1806	1611	4
1807	1612	4
1808	1613	4
1809	1614	4
1810	1615	4
1811	1157	4
1812	1616	4
1813	1191	4
1814	1617	4
1815	1618	4
1816	1619	4
1817	1620	4
1818	1621	4
1819	1622	4
1820	1623	4
1821	1624	4
1822	1625	4
1823	1626	4
1824	1627	4
1825	1628	4
1826	1629	4
1827	1185	4
1828	1630	4
1829	1631	4
1830	1632	4
1831	1633	4
1832	1634	4
1833	1635	4
1834	1636	4
1835	1298	4
1836	1416	4
1837	1159	4
1838	1637	4
1839	1638	4
1840	1639	4
1841	1640	4
1842	1447	4
1843	1641	4
1844	1642	4
1845	1643	4
1846	1270	4
1847	1644	4
1848	1645	4
1849	1646	4
1850	1647	4
1851	1326	4
1852	1648	4
1853	1649	4
1854	1650	4
1855	1651	4
1856	1652	4
1857	1653	4
1858	1654	4
1859	1655	4
1860	1656	4
1861	1657	4
1862	1658	4
1863	1659	4
1864	1660	4
1865	1661	4
1866	1662	4
1867	1663	4
1868	1664	4
1869	1665	4
1870	1666	4
1871	1667	4
1872	1668	4
1873	1669	4
1874	1670	4
1875	1671	4
1876	1672	4
1877	1673	4
1878	1674	4
1879	1675	4
1880	1676	4
1881	1335	4
1882	1677	4
1883	1678	4
1884	1679	4
1885	1680	4
1886	1681	4
1887	1682	4
1888	1683	4
1889	1684	4
1890	1685	4
1891	1686	4
1892	1687	4
1893	1688	4
1894	1689	4
1895	1437	4
1896	1192	4
1897	1690	4
1898	1691	4
1899	1692	4
1900	1693	4
1901	1694	4
1902	1695	4
1903	1401	4
1904	1696	4
1905	1697	4
1906	1698	4
1907	1699	4
1908	1700	4
1909	1701	4
1910	1702	4
1911	1703	4
1912	1128	4
1913	1704	4
1914	1705	4
1915	1706	4
1916	1707	4
1917	1708	4
1918	1216	4
1919	1217	4
1920	1218	4
1921	1709	4
1922	1710	4
1923	1711	4
1924	1712	4
1925	1713	4
1926	1126	4
1927	1068	4
1928	1714	4
1929	1715	4
1930	1716	4
1931	1717	4
1932	1718	4
1933	1719	4
1934	1720	4
1935	1721	4
1936	1722	4
1937	1723	4
1938	1724	4
1939	1725	4
1940	1188	4
1941	1726	4
1942	1727	4
1943	1728	4
1944	1729	4
1945	1088	4
1946	1730	4
1947	1731	4
1948	1732	4
1949	1733	4
1950	1734	4
1951	1735	4
1952	1057	4
1953	1736	4
1954	1737	4
1955	1738	4
1956	1739	4
1957	1740	4
1958	1741	4
1959	1742	4
1960	1743	4
1961	1744	4
1962	1089	4
1963	1745	4
1964	1746	4
1965	1747	4
1966	1748	4
1967	1749	4
1968	1750	4
1969	1751	4
1970	1752	4
1971	1753	4
1972	1138	4
1973	1754	4
1974	1376	4
1975	1755	4
1976	1756	4
1977	1757	4
1978	1758	4
1979	1759	4
1980	1760	4
1981	1256	4
1982	1761	4
1983	1762	4
1984	1763	4
1985	1764	4
1986	1765	4
1987	1766	4
1988	1767	4
1989	1768	4
1990	1769	4
1991	1770	4
1992	1771	4
1993	1772	4
1994	1773	4
1995	1370	4
1996	1774	4
1997	1775	4
1998	1776	4
1999	1203	4
2000	1777	4
2001	1430	4
2002	1432	4
2003	1778	4
2004	1779	4
2005	1780	4
2006	1781	4
2007	1782	4
2008	1783	4
2009	1784	4
2010	1785	4
2011	1786	4
2012	1787	4
2013	1788	4
2014	1789	4
2015	1092	4
2016	1134	4
2017	1790	4
2018	1066	4
2019	1791	4
2020	1792	4
2021	1793	4
2022	1794	4
2023	1795	4
2024	1796	4
2025	1797	4
2026	1084	4
2027	1460	4
2028	1798	4
2029	1799	4
2030	1800	4
2031	1801	4
2032	1186	4
2033	1802	4
2034	1803	4
2035	1804	4
2036	1805	4
2037	1806	4
2038	1807	4
2039	1808	4
2040	1809	4
2041	1810	4
2042	1106	4
2043	1811	4
2044	1812	4
2045	1813	4
2046	1814	4
2047	1815	4
2048	1816	4
2049	1259	4
2050	1817	4
2051	1224	4
2052	1818	4
2053	1819	4
2054	1820	4
2055	1821	4
2056	1822	4
2057	1823	4
2058	1824	4
2059	1449	4
2060	1825	4
2061	1826	4
2062	1827	4
2063	1828	4
2064	1829	4
2065	1830	4
2066	1831	4
2067	1832	4
2068	1833	4
2069	1345	4
2070	1393	4
2071	1834	4
2072	1835	4
2073	1836	4
2074	1837	4
2075	1838	4
2076	1839	4
2077	1386	4
2078	1183	4
2079	1359	4
2080	1840	4
2081	1841	4
2082	1842	4
2083	1843	4
2084	1844	4
2085	1845	4
2086	1187	4
2087	1846	4
2088	1847	4
2089	1848	4
2090	1849	4
2091	1380	4
2092	1850	4
2093	1466	4
2094	1263	4
2095	1851	4
2096	1852	4
2097	1080	4
2098	1853	4
2099	1854	4
2100	1855	4
2101	1856	4
2102	1857	4
2103	1858	4
2104	1859	4
2105	1860	4
2106	1861	4
2107	1862	4
2108	1863	4
2109	1864	4
2110	1865	4
2111	1866	4
2112	1867	4
2113	1868	4
2114	1869	4
2115	29	4
2116	1870	4
2117	1871	4
2118	1048	4
2119	1056	4
2120	1872	4
2121	1873	4
2122	1874	4
2123	1875	4
2124	1876	4
2125	1877	4
2126	1878	4
2127	1879	4
2128	1880	4
2129	1881	4
2130	1111	4
2131	1882	4
2132	1883	4
2133	1884	4
2134	1885	4
2135	1886	4
2136	1887	4
2137	1117	4
2138	1888	4
2139	1889	4
2140	1890	4
2141	1891	4
2142	1892	4
2143	1893	4
2144	1894	4
2145	1099	4
2146	1895	4
2147	1896	4
2148	1897	4
2149	1898	4
2150	1899	4
2151	1900	4
2152	1901	4
2153	1902	4
2154	1171	4
2155	1903	4
2156	1904	4
2157	1058	4
2158	1905	4
2159	1906	4
2160	1907	4
2161	1908	4
2162	1909	4
2163	1910	4
2164	1911	4
2165	1074	4
2166	1912	4
2167	1913	4
2168	1067	4
2169	1914	4
2170	1915	4
2171	1154	4
2172	1061	4
2173	1916	4
2174	1152	4
2175	1348	4
2176	1917	4
2177	1243	4
2178	1918	4
2179	1919	4
2180	1920	4
2181	1921	4
2182	1922	4
2183	1923	4
2184	1924	4
2185	1925	4
2186	1926	4
2187	1927	4
2188	1928	4
2189	1929	4
2190	1930	4
2191	1931	4
2192	1932	4
2193	1933	4
2194	1934	4
2195	1935	4
2196	1153	4
2197	1936	4
2198	1937	4
2199	1	5
2200	2	5
2201	1938	5
2202	1939	5
2203	1940	5
2204	1941	5
2205	1942	5
2206	1943	5
2207	1944	5
2208	1945	5
2209	1946	5
2210	1947	5
2211	1948	5
2212	1949	5
2213	1950	5
2214	1061	5
2215	1951	5
2216	1952	5
2217	1953	5
2218	1954	5
2219	1435	5
2220	1955	5
2221	1956	5
2222	1957	5
2223	1958	5
2224	1959	5
2225	1960	5
2226	1961	5
2227	1962	5
2228	1707	5
2229	1963	5
2230	1964	5
2231	1965	5
2232	1966	5
2233	1967	5
2234	1968	5
2235	1969	5
2236	1970	5
2237	1971	5
2238	1972	5
2239	1973	5
2240	1974	5
2241	1975	5
2242	1804	5
2243	1976	5
2244	1977	5
2245	1978	5
2246	1979	5
2247	1980	5
2248	1981	5
2249	1982	5
2250	1366	5
2251	1983	5
2252	1984	5
2253	1496	5
2254	1591	5
2255	1390	5
2256	1670	5
2257	1985	5
2258	1203	5
2259	1931	5
2260	1986	5
2261	1987	5
2262	1988	5
2263	1989	5
2264	1990	5
2265	1063	5
2266	1991	5
2267	1992	5
2268	1993	5
2269	1994	5
2270	1995	5
2271	1472	5
2272	1	7
2273	2	7
2274	1996	7
2275	1997	7
2276	1998	7
2277	1999	7
2278	2000	7
2279	2001	7
2280	2002	7
2281	2003	7
2282	2004	7
2283	2005	7
2284	2006	7
2285	2007	7
2286	2008	7
2287	2009	7
2288	2010	7
2289	2011	7
2290	1463	7
2291	2012	7
2292	1101	7
2293	1056	7
2294	2013	7
2295	2014	7
2296	2015	7
2297	1261	7
2298	2016	7
2299	1958	7
2300	2017	7
2301	1223	7
2302	2018	7
2303	2019	7
2304	2020	7
2305	2021	7
2306	2022	7
2307	1057	7
2308	2023	7
2309	2024	7
2310	2025	7
2311	2026	7
2312	2027	7
2313	1187	7
2314	1711	7
2315	1302	7
2316	1705	7
2317	2028	7
2318	1255	7
2319	1693	7
2320	2029	7
2321	2030	7
2322	2031	7
2323	2032	7
2324	2033	7
2325	2034	7
2326	1376	7
2327	1061	7
2328	1171	7
2329	1273	7
2330	2035	7
2331	2036	7
2332	2037	7
2333	1052	7
2334	2038	7
2335	2039	7
2336	2040	7
2337	2041	7
2338	2042	7
2339	2043	7
2340	2044	7
2341	2045	7
2342	2046	7
2343	2047	7
2344	2048	7
2345	2049	7
2346	2050	7
2347	2051	7
2348	2052	7
2349	2053	7
2350	1763	7
2351	1392	7
2352	1911	7
2353	2054	7
2354	2055	7
2355	1153	7
2356	1058	7
2357	1160	7
2358	1205	7
2359	1174	7
2360	1175	7
2361	2056	7
2362	2057	7
2363	2058	7
2364	2059	7
2365	2060	7
2366	2061	7
2367	2062	7
2368	2063	7
2369	2064	7
2370	2065	7
2371	2066	7
2372	2067	7
2373	2068	7
2374	2069	7
2375	2070	7
2376	2071	7
2377	2072	7
2378	2073	7
2379	2074	7
2380	2075	7
2381	1658	7
2382	2076	7
2383	2077	7
2384	2078	7
2385	2079	7
2386	2080	7
2387	2081	7
2388	2082	7
2389	2083	7
2390	2084	7
2391	2085	7
2392	2086	7
2393	1090	7
2394	2087	7
2395	1089	7
2396	2088	7
2397	2089	7
2398	2090	7
2399	2091	7
2400	1224	7
2401	1775	7
2402	1597	7
2403	1252	7
2404	1067	7
2405	2092	7
2406	2093	7
2407	2094	7
2408	2095	7
2409	1780	7
2410	1192	7
2411	2096	7
2412	2097	7
2413	2098	7
2414	2099	7
2415	2100	7
2416	2101	7
2417	1378	7
2418	1216	7
2419	2102	7
2420	2103	7
2421	2104	7
2422	2105	7
2423	2106	7
2424	2107	7
2425	2108	7
2426	2109	7
2427	2110	7
2428	2111	7
2429	2112	7
2430	2113	7
2431	2114	7
2432	2115	7
2433	2116	7
2434	2117	7
2435	1370	7
2436	2118	7
2437	1348	7
2438	1701	7
2439	2119	7
2440	2120	7
2441	2121	7
2442	2122	7
2443	2123	7
2444	2124	7
2445	1715	7
2446	1646	7
2447	2125	7
2448	2126	7
2449	2127	7
2450	2128	7
2451	1219	7
2452	2129	7
2453	1212	7
2454	2130	7
2455	2131	7
2456	2132	7
2457	2133	7
2458	2134	7
2459	1845	7
2460	2135	7
2461	1907	7
2462	2136	7
2463	2137	7
2464	1368	7
2465	1691	7
2466	2138	7
2467	2139	7
2468	2140	7
2469	1066	7
2470	1914	7
2471	2141	7
2472	2142	7
2473	2143	7
2474	2144	7
2475	2145	7
2476	1217	7
2477	2146	7
2478	2147	7
2479	1539	7
2480	2148	7
2481	2149	7
2482	1170	7
2483	2150	7
2484	1256	7
2485	2151	7
2486	2152	7
2487	2153	7
2488	2154	7
2489	2155	7
2490	2156	7
2491	2157	7
2492	2158	7
2493	2159	7
2494	2160	7
2495	2161	7
2496	2162	7
2497	2163	7
2498	2164	7
2499	2165	7
2500	2166	7
2501	2167	7
2502	2168	7
2503	2169	7
2504	2170	7
2505	2171	7
2506	2172	7
2507	2173	7
2508	2174	7
2509	2175	7
2510	2176	7
2511	2177	7
2512	2178	7
2513	2179	7
2514	2180	7
2515	2181	7
2516	2182	7
2517	2183	7
2518	2184	7
2519	1207	7
2520	2185	7
2521	2186	7
2522	1988	7
2523	2187	7
2524	2188	7
2525	2189	7
2526	1844	7
2527	2190	7
2528	1272	7
2529	2191	7
2530	2192	7
2531	1226	7
2532	2193	7
2533	2194	7
2534	2195	7
2535	2196	7
2536	2197	7
2537	2198	7
2538	2199	7
2539	2200	7
2540	1380	7
2541	2201	7
2542	2202	7
2543	2203	7
2544	2204	7
2545	2205	7
2546	2206	7
2547	2207	7
2548	2208	7
2549	1834	7
2550	2209	7
2551	2210	7
2552	2211	7
2553	2212	7
2554	2213	7
2555	2214	7
2556	2215	7
2557	2216	7
2558	2217	7
2559	2218	7
2560	2219	7
2561	2220	7
2562	2221	7
2563	2222	7
2564	2223	7
2565	2224	7
2566	2225	7
2567	2226	7
2568	2227	7
2569	1331	7
2570	2228	7
2571	2229	7
2572	2230	7
2573	2231	7
2574	2232	7
2575	2233	7
2576	2234	7
2577	2235	7
2578	1185	7
2579	2236	7
2580	2237	7
2581	2238	7
2582	2239	7
2583	1099	7
2584	1298	7
2585	2240	7
2586	2241	7
2587	2242	7
2588	2243	7
2589	2244	7
2590	2245	7
2591	2246	7
2592	2247	7
2593	2248	7
2594	2249	7
2595	1340	7
2596	2250	7
2597	2251	7
2598	2252	7
2599	1933	7
2600	2253	7
2601	2254	7
2602	2255	7
2603	2256	7
2604	2257	8
2605	2258	8
2606	2259	8
2607	2260	8
2608	2261	8
2609	2262	8
2610	2263	8
2611	2264	8
2612	2265	8
2613	2266	8
2614	2267	8
2615	2268	8
2616	2269	8
2617	2270	8
2618	2271	8
2619	2272	8
2620	2273	8
2621	2274	8
2622	1090	8
2623	2275	8
2624	1376	8
2625	2212	8
2626	1253	8
2627	2276	8
2628	2277	8
2629	2278	8
2630	1117	8
2631	2279	8
2632	2280	8
2633	2281	8
2634	2282	8
2635	1742	8
2636	2283	8
2637	2284	8
2638	2285	8
2639	2286	8
2640	1074	8
2641	2287	8
2642	2288	8
2643	2289	8
2644	2290	8
2645	2291	8
2646	2292	8
2647	2293	8
2648	1092	8
2649	1326	8
2650	2294	8
2651	1386	8
2652	2295	8
2653	1270	8
2654	2296	8
2655	2297	8
2656	2242	8
2657	1138	8
2658	1732	8
2659	1513	8
2660	1746	8
2661	2298	8
2662	1930	8
2663	1533	8
2664	1516	8
2665	1153	8
2666	2299	8
2667	1430	8
2668	2300	8
2669	1385	8
2670	2301	8
2671	2302	8
2672	2303	8
2673	2304	8
2674	2305	8
2675	2306	8
2676	1062	8
2677	2029	8
2678	2307	8
2679	2308	8
2680	2309	8
2681	2310	8
2682	2037	8
2683	2311	8
2684	1188	8
2685	2312	8
2686	2313	8
2687	1054	8
2688	2314	8
2689	2315	8
2690	1723	8
2691	1892	8
2692	2316	8
2693	2317	8
2694	2144	8
2695	2318	8
2696	2319	8
2697	2320	8
2698	2321	8
2699	1706	8
2700	2322	8
2701	1449	8
2702	2323	8
2703	1216	8
2704	2112	8
2705	1217	8
2706	2324	8
2707	1921	8
2708	1743	8
2709	2325	8
2710	1111	8
2711	1224	8
2712	1897	8
2713	2326	8
2714	2327	8
2715	1933	8
2716	2328	8
2717	1580	8
2718	2329	8
2719	1230	8
2720	1403	8
2721	2330	8
2722	2331	8
2723	2332	8
2724	1741	8
2725	2333	8
2726	1236	8
2727	2334	8
2728	2128	8
2729	1082	8
2730	2335	8
2731	1157	8
2732	2336	8
2733	1084	8
2734	2337	8
2735	1061	8
2736	2338	8
2737	2339	8
2738	2340	8
2739	2341	8
2740	2342	8
2741	2343	8
2742	2344	8
2743	1763	8
2744	2345	8
2745	2346	8
2746	2347	8
2747	1539	8
2748	2348	8
2749	1396	8
2750	2349	8
2751	2350	8
2752	2351	8
2753	1056	8
2754	2352	8
2755	2353	8
2756	1249	8
2757	2354	8
2758	2355	8
2759	1937	8
2760	2356	8
2761	2357	8
2762	2358	8
2763	1576	8
2764	2359	8
2765	2360	8
2766	1106	8
2767	2361	8
2768	1183	8
2769	2362	8
2770	1184	8
2771	2363	9
2772	2364	9
2773	2365	9
2774	2366	9
2775	2367	9
2776	2368	9
2777	2369	9
2778	2370	9
2779	2371	9
2780	2372	9
2781	2373	9
2782	2374	9
2783	2375	9
2784	2376	9
2785	2377	9
2786	2378	9
2787	2379	9
2788	2380	9
2789	2381	9
2790	1074	9
2791	2382	9
2792	2276	9
2793	2383	9
2794	2384	9
2795	2385	9
2796	2386	9
2797	2387	9
2798	2388	9
2799	2389	9
2800	2390	9
2801	2391	9
2802	2392	9
2803	2393	9
2804	2394	9
2805	2395	9
2806	2396	9
2807	2397	9
2808	1841	9
2809	2120	9
2810	2398	9
2811	2399	9
2812	2400	9
2813	2401	9
2814	1159	9
2815	2402	9
2816	1160	9
2817	2403	9
2818	2404	9
2819	1933	9
2820	2405	9
2821	2406	9
2822	2407	9
2823	2408	9
2824	2409	9
2825	2410	9
2826	1352	9
2827	1294	9
2828	1669	9
2829	2286	9
2830	2411	9
2831	2412	9
2832	1335	9
2833	2413	9
2834	1745	9
2835	2414	9
2836	2415	9
2837	2416	9
2838	2417	9
2839	2418	9
2840	2419	9
2841	1492	9
2842	1742	9
2843	2420	9
2844	1845	9
2845	1752	9
2846	1756	9
2847	1775	9
2848	2421	9
2849	2126	9
2850	2422	9
2851	2423	9
2852	2424	9
2853	1543	9
2854	2305	9
2855	2425	9
2856	2426	9
2857	1958	9
2858	2427	9
2859	1340	9
2860	2428	9
2861	2429	9
2862	2430	9
2863	2431	9
2864	2432	9
2865	2433	9
2866	2434	9
2867	2435	9
2868	2436	9
2869	1709	9
2870	1572	9
2871	2437	9
2872	1154	9
2873	2438	9
2874	1330	9
2875	2439	9
2876	2440	9
2877	2441	9
2878	1157	9
2879	2442	9
2880	2443	9
2881	2292	9
2882	2253	9
2883	2444	9
2884	1518	9
2885	1856	9
2886	2445	9
2887	2446	9
2888	1117	9
2889	2447	9
2890	1901	9
2891	2448	9
2892	1784	9
2893	1873	9
2894	2449	9
2895	2450	9
2896	1528	9
2897	2451	9
2898	2452	9
2899	2453	9
2900	1054	9
2901	2454	9
2902	2455	9
2903	2456	9
2904	1626	9
2905	2457	9
2906	2458	9
2907	2459	9
2908	1242	9
2909	2460	9
2910	2461	9
2911	2462	9
2912	2463	9
2913	1818	9
2914	2464	9
2915	2465	9
2916	2466	9
2917	2467	9
2918	2468	9
2919	1229	9
2920	2331	9
2921	1874	9
2922	2469	9
2923	2470	9
2924	1466	9
2925	2471	9
2926	2472	9
2927	1706	9
2928	2473	9
2929	2474	9
2930	2475	9
2931	1368	9
2932	1380	9
2933	2476	9
2934	1375	9
2935	1237	9
2936	2477	9
2937	2478	9
2938	2479	9
2939	2480	9
2940	2481	9
2941	2482	9
2942	2483	9
2943	2484	9
2944	2485	9
2945	2486	9
2946	2148	9
2947	1252	9
2948	2487	9
2949	2488	9
2950	2489	9
2951	1124	9
2952	2490	9
2953	1514	9
2954	1515	9
2955	1701	9
2956	1824	9
2957	1861	9
2958	2491	9
2959	2492	9
2960	2493	9
2961	2494	9
2962	2495	9
2963	1060	9
2964	2496	9
2965	2497	9
2966	2498	9
2967	2499	9
2968	2500	9
2969	2501	9
2970	2502	9
2971	2503	9
2972	2504	9
2973	2505	9
2974	1301	9
2975	2506	9
2976	2507	9
2977	2228	9
2978	2508	9
2979	2509	9
2980	1194	9
2981	2510	9
2982	1914	9
2983	2511	9
2984	2250	9
2985	1554	9
2986	2512	9
2987	1565	9
2988	2513	9
2989	1061	9
2990	2514	9
2991	1119	9
2992	2515	9
2993	1825	9
2994	2516	9
2995	2517	9
2996	2518	9
2997	2519	9
2998	1470	9
2999	1534	9
3000	1066	9
3001	1128	9
3002	1921	9
3003	2520	9
3004	1700	9
3005	2521	9
3006	1111	9
3007	2522	9
3008	2523	9
3009	2524	9
3010	2295	9
3011	2525	9
3012	2526	9
3013	2527	9
3014	2528	9
3015	1084	9
3016	2529	9
3017	2530	9
3018	1634	9
3019	2304	9
3020	1374	9
3021	1892	9
3022	1449	9
3023	1403	9
3024	2531	9
3025	1918	9
3026	2532	9
3027	2533	9
3028	1369	9
3029	2534	9
3030	2535	9
3031	2536	9
3032	2537	9
3033	2538	9
3034	2539	9
3035	2540	9
3036	1091	9
3037	2541	9
3038	2542	9
3039	2543	9
3040	2544	9
3041	2545	9
3042	1223	9
3043	1153	9
3044	2546	9
3045	2547	9
3046	1937	9
3047	2	10
3048	2548	10
3049	2549	10
3050	2550	10
3051	2551	10
3052	2552	10
3053	2553	10
3054	2554	10
3055	2555	10
3056	2556	10
3057	2557	10
3058	2558	10
3059	2559	10
3060	2560	10
3061	2561	10
3062	2562	10
3063	1937	10
3064	2563	10
3065	2564	10
3066	2565	10
3067	2566	10
3068	2567	10
3069	2568	10
3070	2569	10
3071	2570	10
3072	2571	10
3073	2572	10
3074	2573	10
3075	2574	10
3076	1669	10
3077	2022	10
3078	2575	10
3079	2576	10
3080	2577	10
3081	2578	10
3082	2579	10
3083	2580	10
3084	1294	10
3085	2581	10
3086	2582	10
3087	1298	10
3088	1812	10
3089	2016	10
3090	1354	10
3091	1357	10
3092	2583	10
3093	2584	10
3094	2585	10
3095	1216	10
3096	1079	10
3097	2586	10
3098	1316	10
3099	2587	10
3100	2105	10
3101	1056	10
3102	1223	10
3103	2588	10
3104	2589	10
3105	1176	10
3106	1345	10
3107	1111	10
3108	2148	10
3109	2590	10
3110	1933	10
3111	2591	10
3112	2592	10
3113	2593	10
3114	2455	10
3115	2594	10
3116	2595	10
3117	1091	10
3118	2596	10
3119	2597	10
3120	2598	10
3121	1534	10
3122	2599	10
3123	2600	10
3124	2601	10
3125	2602	10
3126	1101	10
3127	2603	10
3128	2604	10
3129	2605	10
3130	1161	10
3131	1205	10
3132	2606	10
3133	2607	10
3134	2608	10
3135	2609	10
3136	1351	10
3137	2610	10
3138	2611	10
3139	2612	10
3140	2024	10
3141	2064	10
3142	2096	10
3143	1160	10
3144	1756	10
3145	2088	10
3146	2613	10
3147	2614	10
3148	2615	10
3149	2616	10
3150	2617	10
3151	2618	10
3152	1325	10
3153	1359	10
3154	2619	10
3155	2620	10
3156	2621	10
3157	2622	10
3158	1329	10
3159	2623	10
3160	2624	10
3161	2625	10
3162	2626	10
3163	2627	10
3164	1796	10
3165	2628	10
3166	2127	10
3167	1597	10
3168	2629	10
3169	1733	10
3170	2630	10
3171	1076	10
3172	1356	10
3173	2631	10
3174	2632	10
3175	2633	10
3176	1807	10
3177	2634	10
3178	2053	10
3179	2635	10
3180	2636	10
3181	2637	10
3182	2638	10
3183	1409	10
3184	2639	10
3185	2640	10
3186	2641	10
3187	2642	10
3188	2643	10
3189	1340	10
3190	1138	10
3191	2644	10
3192	2645	10
3193	2646	10
3194	1677	10
3195	2647	10
3196	2648	10
3197	2649	10
3198	2650	10
3199	2651	10
3200	2652	10
3201	1355	10
3202	1140	10
3203	2653	10
3204	1874	10
3205	2654	10
3206	1348	10
3207	2655	10
3208	2656	10
3209	2657	10
3210	1922	10
3211	1225	10
3212	1139	10
3213	2658	10
3214	1092	10
3215	2659	10
3216	1371	10
3217	2660	10
3218	1153	10
3219	1259	10
3220	2661	10
3221	2662	10
3222	2029	10
3223	2663	10
3224	2664	10
3225	2665	10
3226	1650	10
3227	2666	10
3228	1553	10
3229	2667	10
3230	2668	10
3231	2669	10
3232	2670	10
3233	2671	10
3234	2672	10
3235	2673	10
3236	1393	10
3237	1514	10
3238	2674	10
3239	2675	10
3240	2514	10
3241	2676	10
3242	2677	10
3243	2678	10
3244	1557	10
3245	1743	10
3246	2679	10
3247	1224	10
3248	2680	10
3249	2681	10
3250	2682	10
3251	2683	10
3252	1829	10
3253	2684	10
3254	1724	10
3255	2685	10
3256	2686	10
3257	1780	10
3258	2687	10
3259	2046	10
3260	2688	10
3261	2689	10
3262	2055	10
3263	2690	10
3264	2691	10
3265	2692	10
3266	2160	10
3267	2693	10
3268	2152	10
3269	1973	10
3270	1964	10
3271	1985	10
3272	1207	10
3273	2694	10
3274	2695	10
3275	2696	10
3276	2697	10
3277	1824	10
3278	2698	10
3279	1432	10
3280	2699	10
3281	2700	10
3282	2701	10
3283	2702	10
3284	2703	10
3285	2704	10
3286	1203	10
3287	2705	10
3288	2706	10
3289	2707	10
3290	2708	10
3291	2233	10
3292	1867	10
3293	2709	10
3294	2710	10
3295	1897	10
3296	2711	10
3297	2712	10
3298	2713	10
3299	2714	10
3300	2715	10
3301	2716	10
3302	2209	10
3303	2717	10
3304	1469	10
3305	2718	10
3306	2719	10
3307	2720	10
3308	2721	10
3309	1633	10
3310	2722	10
3311	2723	10
3312	2724	10
3313	2725	10
3314	2726	10
3315	2727	10
3316	2728	10
3317	2729	10
3318	2730	10
3319	2731	10
3320	2732	10
3321	2733	10
3322	2734	10
3323	2735	10
3324	2736	10
3325	2737	10
3326	2738	10
3327	1100	10
